0x39d65d,0xa,0,0,0,0,0,0,0,0,0,0,0,0,0,0,0,0,0,0,
0x39d665,0xa,0,0,0,0,0,0,0,0,0,0,0,0,0,0,0,0,0,0,
0x39d678,0xa,0,0,0,0,0,0,0,0,0,0,0,0,0,0,0,0,0,0,
0x39d6ad,0xa,0,0,0,0,0,0,0,0,0,0,0,0,0,0,0,0,0,0,
0x39d6ca,0x12,0,0,0,0,0,0,0,0,0,0,0,0,0,0,0,0,0,0,
0x39d6c2,0xa,0,0,0,0,0,0,0,0,0,0,0,0,0,0,0,0,0,0,
0x39d6ba,0x12,0,0,0,0,0,0,0,0,0,0,0,0,0,0,0,0,0,0,
0x39d713,0x12,0,0,0,0,0,0,0,0,0,0,0,0,0,0,0,0,0,0,
0x39d731,0xe,0,1,0,0,0,0,0,0,0,0,0,0,0,0,0,0,0,0,
0x39d7a4,0x1d,0,0,0,1,0,0,3,0,0,0,0,0,0,0,0,0,0,0,
0x39d7ac,0x1d,0,0,0,1,0,0,3,0,0,0,0,0,0,0,0,0,0,0,
0x39d7b4,0x1d,0,0,0,1,0,0,3,0,0,0,0,0,0,0,0,0,0,0,
0x39d7bc,0xa,0,0,0,1,0,0,3,0,0,0,0,0,0,0,0,0,0,0,
0x39d7d8,0x1d,0,0,0,1,0,0,3,0,0,0,0,0,0,0,0,0,0,0,
0x39d7e0,0x12,0,0,0,1,0,0,3,0,0,0,0,0,0,0,0,0,0,0,
0x39d7e8,0x1d,0,0,0,1,0,0,3,0,0,0,0,0,0,0,0,0,0,0,
0x39d7f0,0xb,0,0,0,1,0,0,3,0,0,0,0,0,0,0,0,0,0,0,
0x39d813,0x1d,0,1,0,1,0,0,3,0,0,0,0,1,0,0,0,0,0,0,
0x39d81b,0x1d,0,1,0,1,0,0,3,0,0,0,0,1,0,0,0,0,0,0,
0x39d823,0x1d,0,1,0,1,0,0,3,0,0,0,0,1,0,0,0,0,0,0,
0x39d82b,0x1d,0,1,0,1,0,0,3,0,0,0,0,1,0,0,0,0,0,0,
0x39d833,0x1d,0,1,0,1,0,0,3,0,0,0,0,1,0,0,0,0,0,0,
0x39d85e,0x1e,0,1,0,0,0,0,0,0,0,0,0,0,1,0,0,0,0,0,
0x39d86b,0x1e,0,1,0,0,0,0,0,0,0,0,0,0,1,0,0,0,0,0,
0x39d873,0xa,0,0,0,0,0,0,0,0,0,0,0,0,0,0,0,0,0,0,
0x39d87b,0x12,0,0,0,0,0,0,0,0,0,0,0,0,0,0,0,0,0,0,
0x39d883,0xa,0,0,0,0,0,0,0,0,0,0,0,0,0,0,0,0,0,0,
0x39d890,0x12,0,0,0,0,0,0,0,0,0,0,0,0,0,0,0,0,0,0,
0x39d898,0x1e,0,1,0,0,0,0,0,0,0,0,0,0,1,0,0,0,0,0,
0x39d8a0,0x12,0,0,0,0,0,0,0,0,0,0,0,0,0,0,0,0,0,0,
0x39d8ad,0xa,0,0,0,0,0,0,0,0,0,0,0,0,0,0,0,0,0,0,
0x39d8b5,0x12,0,0,0,0,0,0,0,0,0,0,0,0,0,0,0,0,0,0,
0x39d8bd,0x1e,0,1,0,0,0,0,0,0,0,0,0,0,1,0,0,0,0,0,
0x39d8c5,0x1e,0,1,0,0,0,0,0,0,0,0,0,0,1,0,0,0,0,0,
0x39d8d2,0x16,0,0,0,0,0,0,0,0,0,0,0,0,0,0,0,0,0,0,
0x39d8e2,0x1e,0,1,0,0,0,0,0,0,0,0,0,0,1,0,0,0,0,0,
0x39d8f2,0xa,0,0,0,0,0,0,0,0,0,0,0,0,0,0,0,0,0,0,
0x39d8fa,0x12,0,0,0,0,0,0,0,0,0,0,0,0,0,0,0,0,0,0,
0x39d907,0x1e,0,1,0,0,0,0,0,0,0,0,0,0,1,0,0,0,0,0,
0x39d90f,0x1e,0,1,0,0,0,0,0,0,0,0,0,0,1,0,0,0,0,0,
0x39d91c,0x12,0,0,0,0,0,0,0,0,0,0,0,0,0,0,0,0,0,0,
0x39d924,0xa,0,0,0,0,0,0,0,0,0,0,0,0,0,0,0,0,0,0,
0x39d92c,0x12,0,0,0,0,0,0,0,0,0,0,0,0,0,0,0,0,0,0,
0x39d939,0xe,0,0,0,0,0,0,0,0,0,0,0,0,0,0,0,0,0,0,
0x39d941,0x1e,0,1,0,0,0,0,0,0,0,0,0,0,1,0,0,0,0,0,
0x39d957,0xa,0,0,0,0,0,0,0,0,0,0,0,0,0,0,0,0,0,0,
0x39d95f,0x1e,0,1,0,0,0,0,0,0,0,0,0,0,1,0,0,0,0,0,
0x39d96f,0xa,0,0,0,0,0,0,0,0,0,0,0,0,0,0,0,0,0,0,
0x39d97f,0xa,0,0,0,0,0,0,0,0,0,0,0,0,0,0,0,0,0,0,
0x39d98f,0xa,0,0,0,0,0,0,0,0,0,0,0,0,0,0,0,0,0,0,
0x39d99c,0xa,0,0,0,0,0,0,0,0,0,0,0,0,0,0,0,0,0,0,
0x39d9a4,0x12,0,0,0,0,0,0,0,0,0,0,0,0,0,0,0,0,0,0,
0x39d9ac,0xa,0,0,0,0,0,0,0,0,0,0,0,0,0,0,0,0,0,0,
0x39d9b4,0x12,0,0,0,0,0,0,0,0,0,0,0,0,0,0,0,0,0,0,
0x39d9bc,0x1e,0,1,0,0,0,0,0,0,0,0,0,0,1,0,0,0,0,0,
0x39d9c9,0xa,0,0,0,0,0,0,0,0,0,0,0,0,0,0,0,0,0,0,
0x39d9d1,0xe,0,2,0,0,0,0,0,0,0,0,0,0,0,0,0,0,0,0,
0x39d9e1,0x1e,0,2,0,0,0,0,0,0,0,0,0,0,1,0,0,0,0,0,
0x39d9d9,0x1e,0,1,0,0,0,0,0,0,0,0,0,0,1,0,0,0,0,0,
0x39d9e9,0x1e,0,3,0,0,0,0,0,0,0,0,0,0,1,0,0,0,0,0,
0x39d9fe,0x12,0,0,0,0,0,0,0,0,0,0,0,0,0,0,0,0,0,0,
0x39d9f6,0xa,0,0,0,0,0,0,0,0,0,0,0,0,0,0,0,0,0,0,
0x39da0b,0x1e,0,3,0,0,0,0,0,0,0,0,0,0,1,0,0,0,0,0,
0x39da20,0x1e,0,3,0,0,0,0,0,0,0,0,0,0,1,0,0,0,0,0,
0x39da18,0x16,0,3,0,0,0,0,0,0,0,0,0,0,0,0,0,0,0,0,
0x39da35,0xe,0,0,0,0,0,0,0,0,0,0,0,0,0,0,0,0,0,0,
0x39da2d,0xa,0,0,0,0,0,0,0,0,0,0,0,0,0,0,0,0,0,0,
0x39da42,0xa,0,3,0,0,0,0,0,0,0,0,0,0,0,0,0,0,0,0,
0x39da4a,0x12,0,3,0,0,0,0,0,0,0,0,0,0,0,0,0,0,0,0,
0x39da52,0xa,0,3,0,0,0,0,0,0,0,0,0,0,0,0,0,0,0,0,
0x39da77,0xa,0,0,0,0,0,0,0,0,0,0,0,0,0,0,0,0,0,0,
0x39da7f,0xa,0,0,0,0,0,0,0,0,0,0,0,0,0,0,0,0,0,0,
0x39dacd,0xa,0,0,0,0,0,0,0,0,0,0,0,0,0,0,0,0,0,0,
0x39db02,0x1e,0,2,0,0,0,0,0,0,0,0,0,0,1,0,0,0,0,0,
0x39daea,0xb,0,2,0,0,0,0,0,0,0,0,0,0,0,0,0,0,0,0,
0x39da98,0xa,0,0,0,0,0,0,0,0,0,0,0,0,0,0,0,0,0,0,
0x39dab5,0x1e,0,1,0,0,0,0,0,0,0,0,0,0,1,0,0,0,0,0,
0x39daad,0xa,0,0,0,0,0,0,0,0,0,0,0,0,0,0,0,0,0,0,
0x39db0f,0x1e,0,1,0,0,0,0,0,0,0,0,0,0,1,0,0,0,0,0,
0x39db22,0x1e,0,1,0,0,0,1,0,0,0,0,0,0,1,0,0,0,0,0,
0x39db2a,0x1e,0,1,0,0,0,1,0,0,0,0,0,0,1,0,0,0,0,0,
0x39db32,0x1e,0,1,0,0,0,1,0,0,0,0,0,0,1,0,0,0,0,0,
0x39db87,0x16,0,2,0,0,0,0,0,0,0,0,0,0,0,0,0,0,0,0,
0x39db97,0x1e,0,1,0,0,0,0,0,0,0,0,0,0,1,0,0,0,0,0,
0x39dbac,0x1e,0,1,0,0,0,0,0,0,0,0,0,0,1,0,0,0,0,0,
0x39dbb4,0x1e,0,1,0,0,0,0,0,0,0,0,0,0,1,0,0,0,0,0,
0x39dbbc,0x1e,0,1,0,0,0,0,0,0,0,0,0,0,1,0,0,0,0,0,
0x39dbc9,0x1e,0,1,0,0,0,0,0,0,0,0,0,0,1,0,0,0,0,0,
0x39dbd9,0x1e,0,1,0,0,0,0,0,0,0,0,0,0,1,0,0,0,0,0,
0x39dbe1,0x1e,0,1,0,0,0,0,0,0,0,0,0,0,1,0,0,0,0,0,
0x39dbee,0x1e,0,1,0,0,0,0,0,0,0,0,0,0,1,0,0,0,0,0,
0x39dbfb,0x1e,0,1,0,0,0,0,0,0,0,0,0,0,1,0,0,0,0,0,
0x39dc08,0x1e,0,1,0,0,0,0,0,0,0,0,0,0,1,0,0,0,0,0,
0x39dc20,0x16,0,3,0,0,0,1,0,0,0,0,0,0,0,0,0,0,0,0,
0x39dc28,0x1e,0,3,0,0,0,1,0,0,0,0,0,0,1,0,0,0,0,0,
0x39dc4d,0x1d,0,1,0,0,0,0,0,0,0,0,0,0,1,0,0,0,0,0,
0x39dc65,0x1e,0,1,0,0,0,1,0,0,0,0,0,0,1,0,1,0,0,0,
0x39dc5d,0x1e,0,1,0,0,0,1,0,0,0,0,0,0,1,0,1,0,0,0,
0x39dc45,0x1d,0,0,0,0,0,1,0,0,0,0,0,0,0,0,1,0,0,0,
0x39dc35,0x1e,0,1,0,0,0,1,0,0,0,0,0,0,1,0,1,0,0,0,
0x39dc7a,0x1e,0,1,0,0,0,1,0,0,0,0,0,0,1,0,0,0,0,0,
0x39dc82,0x1e,0,1,0,0,0,0,0,0,0,0,0,0,1,0,0,0,0,0,
0x39dc8f,0x1e,0,1,0,0,0,0,0,0,0,0,0,0,1,0,0,0,0,0,
0x39dc97,0x1e,0,1,0,0,0,1,0,0,0,0,0,0,1,0,0,0,0,0,
0x39dc9f,0x1e,0,1,0,0,0,0,0,0,0,0,0,0,1,0,0,0,0,0,
0x39dcac,0x1e,0,1,0,0,0,0,0,0,0,0,0,0,1,0,0,0,0,0,
0x39dcbc,0x1e,0,1,0,0,0,0,0,0,0,0,0,0,1,0,0,0,0,0,
0x39dcc4,0x1e,0,1,0,0,0,0,0,0,0,0,0,0,1,0,0,0,0,0,
0x39dcd1,0x1e,0,1,0,0,0,0,0,0,0,0,0,0,1,0,0,0,0,0,
0x39dce1,0x1e,0,1,0,0,0,0,0,0,0,0,0,0,1,0,0,0,0,0,
0x39dcd9,0x1e,0,1,0,0,1,0,0,0,0,0,0,0,1,1,0,0,0,0,
0x39dcee,0x1e,0,1,0,0,0,0,0,0,0,0,0,0,1,0,0,0,0,0,
0x39dcfb,0x1e,0,3,0,0,0,0,0,0,0,0,0,1,1,0,0,0,0,0,
0x39dd03,0x1d,0,0,0,0,0,0,0,0,0,0,0,0,0,0,0,0,0,0,
0x39dd0b,0x1e,0,3,0,0,0,0,0,0,0,0,0,1,1,0,0,0,0,0,
0x39dd13,0x1e,0,3,0,0,0,0,0,0,0,0,0,1,1,0,0,0,0,0,
0x39dd20,0x1e,0,1,0,1,0,0,0,0,0,0,0,0,1,0,0,0,0,0,
0x39dd38,0x13,0,0,0,1,0,0,0,0,0,0,0,0,0,0,0,0,0,0,
0x39dd48,0xf,0,0,0,1,0,0,0,0,0,0,0,0,0,0,0,0,0,0,
0x39dd50,0x1e,0,1,0,1,0,0,0,0,0,0,0,0,1,0,0,0,0,0,
0x39dd5d,0x1e,0,1,0,1,0,0,0,0,0,0,0,0,1,0,0,0,0,0,
0x39dd6d,0x1e,0,1,0,1,0,0,0,0,0,0,0,0,1,0,0,0,0,0,
0x39dd82,0xa,0,0,0,1,0,0,0,0,0,0,0,0,0,0,0,0,0,0,
0x39dd8a,0x12,0,0,0,1,0,0,0,0,0,0,0,0,0,0,0,0,0,0,
0x39dd9f,0xa,0,0,0,1,0,0,0,0,0,0,0,0,0,0,0,0,0,0,
0x39ddac,0xa,0,0,0,1,0,0,0,0,0,0,0,0,0,0,0,0,0,0,
0x39ddc1,0xa,0,0,0,1,0,0,0,0,0,0,0,0,0,0,0,0,0,0,
0x39ddc9,0x1e,0,1,0,1,0,0,0,0,0,0,0,0,1,0,0,0,0,0,
0x39ddd6,0x12,0,1,0,1,0,0,0,0,0,0,0,0,0,0,0,0,0,0,
0x39ddde,0xa,0,1,0,1,0,0,0,0,0,0,0,0,0,0,0,0,0,0,
0x39ddee,0x1e,0,1,0,1,0,0,0,0,0,0,0,0,1,0,0,0,0,0,
0x39ddf6,0x1e,0,1,0,1,0,0,0,0,0,0,0,0,1,0,0,0,0,0,
0x39de06,0x12,0,1,0,1,0,0,0,0,0,0,0,1,0,0,0,0,0,0,
0x39de0e,0xa,0,1,0,1,0,0,0,0,0,0,0,1,0,0,0,0,0,0,
0x39de16,0x12,0,1,0,1,0,0,0,0,0,0,0,1,0,0,0,0,0,0,
0x39de29,0xa,0,1,0,1,0,0,0,0,0,0,0,0,0,0,0,0,0,0,
0x39de39,0x19,0,1,0,1,0,0,0,0,0,0,0,0,0,0,0,0,0,0,
0x39de41,0x1e,0,1,0,1,0,0,0,0,0,0,0,0,1,0,0,0,0,0,
0x39de49,0x1e,0,1,0,1,0,0,0,0,0,0,0,0,1,0,0,0,0,0,
0x39de56,0x1e,0,1,0,1,0,0,0,0,0,0,0,0,1,0,0,0,0,0,
0x39de66,0x1e,0,1,0,1,0,0,0,0,0,0,0,0,1,0,0,0,0,0,
0x39de73,0x1e,0,1,0,1,0,0,0,0,0,0,0,0,1,0,0,0,0,0,
0x39de7b,0x1e,0,1,0,1,0,0,0,0,0,0,0,0,1,0,0,0,0,0,
0x39de83,0x1e,0,1,0,1,0,0,0,0,0,0,0,0,1,0,0,0,0,0,
0x39de8b,0x1e,0,1,0,1,0,0,0,0,0,0,0,0,1,0,0,0,0,0,
0x39de98,0x1e,0,1,0,1,0,0,0,0,0,0,0,0,1,0,0,0,0,0,
0x39dea0,0x1e,0,1,0,1,0,0,0,0,0,0,0,1,1,0,0,0,0,0,
0x39dea8,0x1e,0,1,0,1,0,0,0,0,0,0,0,1,1,0,0,0,0,0,
0x39deb5,0x19,0,0,0,1,0,0,0,0,0,0,0,0,0,0,0,0,0,0,
0x39dec2,0x12,0,0,0,1,0,0,0,0,0,0,0,0,0,0,0,0,0,0,
0x39decf,0x1e,0,1,0,1,0,0,0,0,0,0,0,0,1,0,0,0,0,0,
0x39ded7,0x1e,0,1,0,1,0,0,0,0,0,0,0,0,1,0,0,0,0,0,
0x39dee4,0x16,0,0,0,1,0,0,3,0,0,0,0,0,0,0,0,0,0,0,
0x39deec,0x1d,0,0,0,1,0,0,3,0,0,0,0,0,0,0,0,0,0,0,
0x39def4,0x19,0,0,0,1,0,0,3,0,0,0,0,0,0,0,0,0,0,0,
0x39defc,0x1d,0,0,0,1,0,0,3,0,0,0,0,0,0,0,0,0,0,0,
0x39df04,0x1d,0,0,0,1,0,0,3,0,0,0,0,0,0,0,0,0,0,0,
0x39df0c,0xa,0,0,0,1,0,0,3,0,0,0,0,0,0,0,0,0,0,0,
0x39df21,0xe,0,0,0,1,1,0,0,0,1,0,0,0,0,1,0,0,0,0,
0x39df2e,0x1e,0,1,0,1,1,0,0,0,0,0,0,0,1,1,0,0,0,0,
0x39df3b,0x1d,0,0,0,1,1,0,0,0,0,0,0,0,0,1,0,0,0,0,
0x39df4b,0x16,0,0,0,1,0,0,0,0,0,0,0,0,0,0,0,0,0,0,
0x39df5b,0x19,0,0,0,1,0,0,0,0,0,0,0,0,0,0,0,0,0,0,
0x39df63,0x1e,0,1,0,1,0,0,0,0,0,0,0,0,1,0,0,0,0,0,
0x39df70,0x1d,0,0,0,1,1,0,0,0,0,0,0,0,0,1,0,0,0,0,
0x39df78,0xa,0,0,0,1,1,0,0,0,0,0,0,0,0,1,0,0,0,0,
0x39df9f,0x1e,0,1,0,0,0,0,0,0,0,0,0,1,1,0,0,0,0,0,
0x39dfbe,0x1d,0,1,0,0,0,0,0,0,0,0,0,1,1,0,0,0,0,0,
0x39dfe6,0xa,0,0,1,0,0,0,0,0,0,0,0,0,0,0,0,0,0,0,
0x39dfee,0x12,0,0,1,0,0,0,0,0,0,0,0,0,0,0,0,0,0,0,
0x39dff6,0xa,0,0,1,0,0,0,0,0,0,0,0,0,0,0,0,0,0,0,
0x39e006,0xa,0,1,1,0,0,0,0,0,0,0,0,0,0,0,0,0,0,0,
0x39e00e,0xa,0,1,1,0,0,0,0,0,0,0,0,0,0,0,0,0,0,0,
0x39e026,0xa,0,0,1,0,0,0,0,0,0,0,0,0,0,0,0,0,0,0,
0x39e02e,0x12,0,0,1,0,0,0,0,0,0,0,0,0,0,0,0,0,0,0,
0x39e036,0xa,0,0,1,0,0,0,0,0,0,0,0,0,0,0,0,0,0,0,
0x39e03e,0xa,0,0,1,0,0,0,0,0,0,0,0,0,0,0,0,0,0,0,
0x39e057,0x1e,0,3,0,0,0,0,0,0,0,0,0,1,1,0,0,0,0,0,
0x39e06a,0x1d,0,2,0,0,1,0,0,1,0,0,0,0,0,0,0,0,0,0,
0x39e077,0x1e,0,2,0,0,1,0,0,1,0,0,0,0,1,0,0,0,0,0,
0x39e08a,0x1e,0,1,0,0,0,0,0,0,0,0,0,1,1,0,0,0,0,0,
0x39e092,0x1e,0,1,0,0,0,0,0,0,0,0,0,1,1,0,0,0,0,0,
0x39e0a5,0x1d,0,3,0,0,0,0,0,0,0,0,0,1,1,0,0,0,0,0,
0x39e0ad,0x1d,0,3,0,0,0,0,0,0,0,0,0,1,1,0,0,0,0,0,
0x39e0b5,0x1d,0,3,0,0,0,0,0,0,0,0,0,1,1,0,0,0,0,0,
0x39e0bd,0x1d,0,3,0,0,0,0,0,0,0,0,0,1,1,0,0,0,0,0,
0x39e0c5,0x1e,0,3,0,0,0,0,0,0,0,0,0,1,1,0,0,0,0,0,
0x39e0cd,0x1e,0,3,0,0,0,0,0,0,0,0,0,1,1,0,0,0,0,0,
0x39e0da,0x1e,0,3,0,0,0,0,0,0,0,0,0,1,1,0,0,0,0,0,
0x39e0e2,0x1e,0,3,0,0,0,0,0,0,0,0,0,1,1,0,0,0,0,0,
0x39e0ea,0x1e,0,3,0,0,0,0,0,0,0,0,0,1,1,0,0,0,0,0,
0x39e0f2,0x1e,0,3,0,0,0,0,0,0,0,0,0,1,1,0,0,0,0,0,
0x39e0fa,0x1e,0,3,0,0,0,0,0,0,0,0,0,1,1,0,0,0,0,0,
0x39e102,0x1e,0,3,0,0,0,0,0,0,0,0,0,1,1,0,0,0,0,0,
0x39e10f,0x1e,0,3,0,0,0,0,0,0,0,0,0,1,1,0,0,0,0,0,
0x39e13d,0xb,0,0,0,0,0,0,0,0,0,0,0,0,0,0,0,0,0,0,
0x39e145,0x12,0,0,0,0,0,0,0,0,0,0,0,0,0,0,0,0,0,0,
0x39e14d,0x1d,0,0,0,0,0,0,0,0,0,0,0,0,0,0,0,0,0,0,
0x39e15a,0x1d,0,0,0,0,0,0,0,0,0,0,0,0,0,0,0,0,0,0,
0x39e162,0xa,0,0,0,0,0,0,0,0,0,0,0,0,0,0,0,0,0,0,
0x39e16f,0x1d,0,1,0,0,0,0,0,0,0,0,0,1,1,0,0,0,0,0,
0x39e17f,0x1e,0,1,0,0,0,0,0,0,0,0,0,0,1,0,0,0,0,0,
0x39e187,0x1e,0,1,0,0,0,0,0,0,0,0,0,0,1,0,0,0,0,0,
0x39e194,0x1e,0,1,0,0,0,0,0,0,0,0,0,1,1,0,0,0,0,0,
0x39e19c,0x1d,0,1,0,0,0,0,0,0,0,0,0,1,1,0,0,0,0,0,
0x39e1a4,0xa,0,1,0,0,0,0,0,0,0,0,0,1,1,0,0,0,0,0,
0x39e1ac,0x12,0,1,0,0,0,0,0,0,0,0,0,1,1,0,0,0,0,0,
0x39e1b4,0xb,0,1,0,0,0,0,0,0,0,0,0,1,1,0,0,0,0,0,
0x39e1bc,0x1e,0,1,0,0,0,0,0,0,0,0,0,1,1,0,0,0,0,0,
0x39e1c9,0x1e,0,1,0,1,0,0,0,0,0,0,0,0,1,0,0,0,0,0,
0x39e1d6,0x1e,0,1,0,0,0,0,0,0,0,0,0,0,1,0,0,0,0,0,
0x39e1e3,0x1e,0,1,0,0,0,0,0,0,0,0,0,0,1,0,0,0,0,0,
0x39e1f0,0xe,0,0,0,0,0,0,0,0,0,0,0,0,0,0,0,0,0,0,
0x39e1f8,0xa,0,0,0,0,0,0,0,0,0,0,0,0,0,0,0,0,0,0,
0x39e200,0x1d,0,0,0,0,0,0,0,0,0,0,0,0,0,0,0,0,0,0,
0x39e208,0x1e,0,1,0,0,0,0,0,0,0,0,0,0,1,0,0,0,0,0,
0x39e210,0x1e,0,1,0,0,0,0,0,0,0,0,0,0,1,0,0,0,0,0,
0x39e21d,0x1e,0,1,0,0,0,0,0,0,0,0,0,0,1,0,0,0,0,0,
0x39e22a,0x1e,0,1,0,0,0,0,0,0,0,0,0,0,1,0,0,0,0,0,
0x39e232,0x1e,0,1,0,0,0,0,0,0,0,0,0,0,1,0,0,0,0,0,
0x39e23f,0x1e,0,1,0,0,0,0,0,0,0,0,0,0,1,0,0,0,0,0,
0x39e24c,0xa,0,1,0,0,0,0,0,0,0,0,0,1,0,0,0,0,0,0,
0x39e254,0x1e,0,1,0,0,0,0,0,0,0,0,0,0,1,0,0,0,0,0,
0x39e261,0x1d,0,1,0,0,0,0,0,0,0,0,0,1,0,0,0,0,0,0,
0x39e269,0x1d,0,1,0,0,0,0,0,0,0,0,0,1,0,0,0,0,0,0,
0x39e271,0x1d,0,1,0,0,0,0,0,0,0,0,0,1,0,0,0,0,0,0,
0x39e279,0x1d,0,1,0,0,0,0,0,0,0,0,0,1,0,0,0,0,0,0,
0x39e28c,0xb,0,1,0,0,0,0,0,0,0,0,0,1,1,0,0,0,0,0,
0x39e294,0x1d,0,1,0,0,0,0,0,0,0,0,0,1,1,0,0,0,0,0,
0x39e29c,0x1d,0,1,0,0,0,0,0,0,0,0,0,1,1,0,0,0,0,0,
0x39e2ac,0xe,0,1,0,0,0,0,0,0,0,0,0,1,1,0,0,0,0,0,
0x39e2bf,0xb,0,1,0,0,0,0,0,0,0,0,0,1,1,0,0,0,0,0,
0x39e2c7,0xf,0,1,0,0,0,0,0,0,0,0,0,1,1,0,0,0,0,0,
0x39e2cf,0x1e,0,1,0,0,0,0,0,0,0,0,0,1,1,0,0,0,0,0,
0x39e2dc,0x1e,0,1,0,0,0,1,0,0,0,0,0,0,1,0,0,0,0,0,
0x39e2e9,0x1e,0,1,0,0,0,1,0,0,0,0,0,0,1,0,0,0,0,0,
0x39e2f6,0x1e,0,1,0,0,0,1,0,0,0,0,0,0,1,0,0,0,0,0,
0x39e2fe,0x1e,0,1,0,0,0,1,0,0,0,0,0,0,1,0,0,0,0,0,
0x39e306,0x1e,0,1,0,0,0,1,0,0,0,0,0,0,1,0,0,0,0,0,
0x39e30e,0x1e,0,1,0,0,0,1,0,0,0,0,0,0,1,0,0,0,0,0,
0x39e316,0x1e,0,1,0,0,0,1,0,0,0,0,0,0,1,0,0,0,0,0,
0x39e323,0x1e,0,1,0,0,0,1,0,0,0,0,0,0,1,0,0,0,0,0,
0x39e32b,0x1e,0,1,0,0,0,1,0,0,0,0,0,0,1,0,0,0,0,0,
0x39e333,0x1e,0,1,0,0,0,1,0,0,0,0,0,0,1,0,0,0,0,0,
0x39e33b,0x1e,0,1,0,0,0,1,0,0,0,0,0,0,1,0,0,0,0,0,
0x39e343,0x1e,0,1,0,0,0,1,0,0,0,0,0,0,1,0,0,0,0,0,
0x39e350,0x1e,0,1,0,0,0,1,0,0,0,0,0,0,1,0,0,0,0,0,
0x39e358,0x1e,0,1,0,0,0,1,0,0,0,0,0,0,1,0,0,0,0,0,
0x39e360,0x1e,0,1,0,0,0,1,0,0,0,0,0,0,1,0,0,0,0,0,
0x39e368,0x1e,0,1,0,0,0,1,0,0,0,0,0,0,1,0,0,0,0,0,
0x39e370,0x1e,0,1,0,0,0,1,0,0,0,0,0,0,1,0,0,0,0,0,
0x39e37d,0x1e,0,2,0,0,1,0,0,1,0,0,0,0,1,0,0,0,0,0,
0x39e396,0x1e,0,2,0,0,1,0,0,1,0,0,0,0,1,0,0,0,0,0,
0x39e3a6,0x1e,0,2,0,0,1,1,0,1,0,0,0,0,1,1,1,0,0,0,
0x39e3bc,0x1e,0,2,0,0,1,1,0,1,0,0,0,0,1,1,1,0,0,0,
0x39e3c9,0x1e,0,2,0,0,1,1,0,1,0,0,0,0,1,1,1,0,0,0,
0x39e3d1,0x1e,0,2,0,0,1,1,0,1,0,0,0,0,1,1,1,0,0,0,
0x39e3de,0x1e,0,2,0,0,1,1,0,1,0,0,0,0,1,1,1,0,0,0,
0x39e3eb,0x1e,0,2,0,0,1,1,0,1,0,0,0,0,1,1,1,0,0,0,
0x39e3f3,0x1e,0,2,0,0,1,1,0,1,0,0,0,0,1,1,1,0,0,0,
0x39e403,0x1d,0,2,0,0,1,1,0,1,0,0,0,0,0,1,1,0,0,0,
0x39e40b,0x1e,0,2,0,0,1,1,0,1,0,0,0,0,1,1,1,0,0,0,
0x39e41b,0x1e,0,2,0,0,1,1,0,1,0,0,0,0,1,1,1,0,0,0,
0x39e428,0x12,0,3,0,0,1,1,0,1,0,0,0,0,0,1,1,0,0,0,
0x39e438,0xa,0,2,0,0,1,0,0,1,0,0,0,0,0,1,0,0,0,0,
0x39e445,0x1d,0,2,0,0,1,0,0,1,0,0,0,0,0,1,0,0,0,0,
0x39e44d,0xb,0,2,0,0,1,0,0,1,0,0,0,0,0,1,0,0,0,0,
0x39e462,0x1e,0,2,0,0,1,1,0,1,0,0,0,0,1,1,1,0,0,0,
0x39e46f,0x1e,0,2,0,0,1,1,0,1,0,0,0,0,1,1,1,0,0,0,
0x39e477,0x1e,0,2,0,0,1,1,0,1,0,0,0,0,1,1,1,0,0,0,
0x39e484,0x1d,0,2,0,0,1,1,0,1,0,0,0,0,0,1,1,0,0,0,
0x39e48c,0x1d,0,2,0,0,1,1,0,1,0,0,0,0,0,1,1,0,0,0,
0x39e494,0x1d,0,2,0,0,1,1,0,1,0,0,0,0,0,1,1,0,0,0,
0x39e4a1,0x1d,0,2,0,0,1,1,0,1,0,0,0,0,0,1,1,0,0,0,
0x39e4c6,0x1e,0,1,0,0,0,0,0,0,0,0,0,1,1,0,0,0,0,0,
0x39e4d3,0x1e,0,1,0,0,0,0,0,0,0,0,0,1,1,0,0,0,0,0,
0x39e4e0,0x13,0,1,0,0,0,0,0,0,0,0,0,1,1,0,0,0,0,0,
0x39e4ed,0xb,0,1,0,0,0,0,0,0,0,0,0,1,1,0,0,0,0,0,
0x39e4fa,0x1e,0,1,0,0,0,0,0,0,0,0,0,1,1,0,0,0,0,0,
0x39e502,0x1e,0,1,0,0,0,0,0,0,0,0,0,1,1,0,0,0,0,0,
0x39e51e,0x1e,0,2,0,0,0,0,0,0,0,0,0,0,1,0,0,0,0,0,
0x39e526,0x1e,0,2,0,0,0,0,0,0,0,0,0,0,1,0,0,0,0,0,
0x39e52e,0x1e,0,2,0,0,0,0,0,0,0,0,0,0,1,0,0,0,0,0,
0x39e53b,0x1e,0,2,0,0,0,0,0,0,0,0,0,0,1,0,0,0,0,0,
0x39e543,0x1e,0,2,0,0,0,0,0,0,0,0,0,0,1,0,0,0,0,0,
0x39e54b,0x1e,0,2,0,0,0,0,0,0,0,0,0,0,1,0,0,0,0,0,
0x39e55b,0x1e,0,3,0,0,1,1,0,0,0,1,1,1,1,1,1,0,0,0,
0x39e563,0x1e,0,3,0,0,1,1,0,0,0,1,1,1,1,1,1,0,0,0,
0x39e56b,0x1e,0,3,0,0,1,1,0,0,0,1,1,1,1,1,1,0,0,0,
0x39e573,0x1e,0,3,0,0,1,1,0,0,0,1,1,1,1,1,1,0,0,0,
0x39e580,0xb,0,3,0,0,0,0,0,0,0,0,0,0,0,0,0,0,0,0,
0x39e590,0x16,0,3,0,0,0,0,0,0,0,0,0,0,0,0,0,0,0,0,
0x39e598,0x1e,0,3,0,0,0,0,0,0,0,0,0,0,1,0,0,0,0,0,
0x39e5a0,0x1e,0,3,0,0,1,1,0,0,0,1,1,1,1,1,1,0,0,0,
0x39e5a8,0x1e,0,3,0,0,0,0,0,0,0,0,0,0,1,0,0,0,0,0,
0x39e5b5,0x1e,0,3,0,0,0,0,0,0,0,0,0,0,1,0,0,0,0,0,
0x39e5c8,0x1e,0,3,0,0,0,0,0,0,0,0,0,0,1,0,0,0,0,0,
0x39e5d0,0x1e,0,3,0,0,0,0,0,0,0,0,0,0,1,0,0,0,0,0,
0x39e5e0,0x1d,0,3,0,0,0,0,0,0,0,0,0,0,0,0,0,0,0,0,
0x39e5f0,0x1e,0,2,0,0,0,0,0,0,0,0,0,0,1,0,0,0,0,0,
0x39e5fd,0x1e,0,2,1,1,0,1,3,0,0,0,0,0,1,0,0,0,0,0,
0x39e66b,0x1d,0,2,1,1,0,1,3,0,0,0,0,0,0,0,0,0,0,0,
0x39e67e,0x1d,0,2,1,1,0,1,3,0,0,0,0,0,0,0,0,0,0,0,
0x39e6c2,0x1e,0,3,0,0,0,0,0,0,0,0,0,1,1,0,0,0,0,0,
0x39e6cf,0x1e,0,3,0,0,0,0,0,0,0,0,0,1,1,0,0,0,0,0,
0x39e6e5,0x13,0,3,0,0,1,0,0,0,0,0,0,1,1,0,0,0,0,0,
0x39e6ed,0xb,0,3,0,0,1,0,0,0,0,0,0,1,1,0,0,0,0,0,
0x39e6fa,0x1e,0,3,0,0,1,0,0,0,0,0,0,1,1,0,0,0,0,0,
0x39e702,0x1e,0,3,0,0,1,0,0,0,0,0,0,1,1,0,0,0,0,0,
0x39e70f,0x1d,0,3,0,0,1,1,0,0,0,0,0,1,1,0,1,0,0,0,
0x39e717,0x1d,0,3,0,0,1,1,0,0,0,0,0,1,1,0,1,0,0,0,
0x39e71f,0x1d,0,3,0,0,1,1,0,0,0,0,0,1,1,0,1,0,0,0,
0x39e732,0x1d,0,3,0,0,1,1,0,0,0,0,0,1,1,0,1,0,0,0,
0x39e73f,0x1e,0,3,0,0,1,1,0,0,0,0,0,1,1,0,1,0,0,0,
0x39e74c,0x1d,0,3,0,0,1,1,0,0,0,0,0,1,1,0,1,0,0,0,
0x39e754,0x1e,0,3,0,0,1,1,0,0,0,0,0,1,1,0,1,0,0,0,
0x39e761,0x1d,0,3,0,0,1,0,0,0,0,0,0,1,1,0,0,0,0,0,
0x39e769,0x19,0,3,0,0,1,0,0,0,0,0,0,1,1,0,0,0,0,0,
0x39e779,0xb,0,3,0,0,1,0,0,0,0,0,0,1,1,0,0,0,0,0,
0x39e781,0x1d,0,3,0,0,1,0,0,0,0,0,0,1,1,0,0,0,0,0,
0x39e794,0x1e,0,3,0,0,1,1,0,0,0,0,0,1,1,0,1,0,0,0,
0x39e7a7,0x1e,0,3,0,0,1,1,0,0,0,0,0,1,1,0,1,0,0,0,
0x39e7b4,0x1d,0,3,0,0,1,1,0,0,0,0,0,1,1,0,1,0,0,0,
0x39e7c4,0x10,0,3,0,0,1,1,0,0,0,0,0,1,1,0,1,0,0,0,
0x39e7cc,0x1e,0,3,0,0,1,1,0,0,0,0,0,1,1,0,1,0,0,0,
0x39e7d9,0xc,0,3,0,0,1,1,0,0,0,0,0,1,1,0,1,0,0,0,
0x39e7e1,0x1d,0,3,0,0,1,1,0,0,0,0,0,1,1,0,1,0,0,0,
0x39e7e9,0x1d,0,3,0,0,1,1,0,0,0,0,0,1,1,0,1,0,0,0,
0x39e7fc,0x1e,0,3,0,0,1,1,0,0,0,0,0,1,1,0,1,0,0,0,
0x39e809,0x1e,0,3,0,0,1,1,0,0,0,0,0,1,1,0,1,0,0,0,
0x39e819,0x1d,0,3,0,0,1,1,0,0,0,0,0,1,1,0,1,0,0,0,
0x39e821,0xc,0,3,0,0,1,1,0,0,0,0,0,1,1,0,1,0,0,0,
0x39e829,0x1d,0,3,0,0,1,1,0,0,0,0,0,1,1,0,1,0,0,0,
0x39e84f,0x1e,0,3,0,0,1,1,0,0,0,0,0,1,1,0,1,0,0,0,
0x39e857,0x1e,0,3,0,0,1,1,0,0,0,0,0,1,1,0,1,0,0,0,
0x39e864,0xc,0,3,0,0,1,1,0,0,0,0,0,1,1,0,1,0,0,0,
0x39e86c,0x1d,0,3,0,0,1,1,0,0,0,0,0,1,1,0,1,0,0,0,
0x39e8a3,0x1e,0,1,0,1,1,0,0,0,0,0,0,0,1,1,0,0,0,0,
0x39e8f5,0xa,0,0,0,0,0,0,0,0,0,0,0,0,0,0,0,0,0,0,
0x39e8fd,0x1e,0,1,0,0,0,0,0,0,0,0,0,0,1,0,0,0,0,0,
0x39e90a,0x1e,0,1,0,0,0,0,0,0,0,0,0,0,1,0,0,0,0,0,
0x39e912,0x16,0,0,0,0,0,0,0,0,0,0,0,0,0,0,0,0,0,0,
0x39e91a,0x1e,0,1,0,0,0,0,0,0,0,0,0,0,1,0,0,0,0,0,
0x39e927,0xc,0,3,0,0,1,1,0,0,0,0,0,1,1,0,1,0,0,0,
0x39e92f,0x1d,0,3,0,0,1,1,0,0,0,0,0,1,1,0,1,0,0,0,
0x39e937,0x1e,0,3,0,0,1,1,0,0,0,0,0,1,1,0,1,0,0,0,
0x39e944,0x1e,0,3,0,0,1,1,0,0,0,0,0,1,1,1,1,0,0,0,
0x39e951,0x1e,0,1,0,0,0,1,0,0,0,0,0,0,1,0,1,0,0,0,
0x39e959,0x1e,0,1,0,0,0,1,0,0,0,0,0,0,1,0,1,0,0,0,
0x39e966,0x1e,0,1,0,1,0,0,0,0,0,0,0,0,1,0,0,0,0,0,
0x39e96e,0x1e,0,1,0,1,0,0,0,0,0,0,0,0,1,0,0,0,0,0,
0x39e97b,0x1e,0,1,0,1,0,0,0,0,0,0,0,0,1,0,0,0,0,0,
0x39e983,0x1e,0,1,0,1,0,0,0,0,0,0,0,0,1,0,0,0,0,0,
0x39e990,0x1e,0,1,0,0,0,0,0,0,0,0,0,0,1,0,0,0,0,0,
0x39e998,0x1e,0,1,0,0,0,0,0,0,0,0,0,0,1,0,0,0,0,0,
0x39e9a0,0x1e,0,1,0,0,0,0,0,0,0,0,0,0,1,0,0,0,0,0,
0x39e9b5,0x13,0,0,0,0,0,0,0,0,0,0,0,0,0,0,0,0,0,0,
0x39eb5a,0x1e,0,1,0,0,0,0,0,0,0,0,0,0,1,0,0,0,0,0,
0x39eb62,0x1e,0,1,0,0,0,0,0,0,0,0,0,0,1,0,0,0,0,0,
0x39ec05,0xa,0,1,0,0,0,0,0,0,0,0,0,1,1,0,0,0,0,0,
0x39ec0d,0x12,0,1,0,0,0,0,0,0,0,0,0,1,1,0,0,0,0,0,
0x39ec15,0x19,0,1,0,0,0,0,0,0,0,0,0,1,1,0,0,0,0,0,
0x39ec40,0x1e,0,1,0,0,0,0,0,0,0,0,0,0,1,0,0,0,0,0,
0x39ec4d,0x1e,0,1,0,0,0,0,0,0,0,0,0,0,1,0,0,0,0,0,
0x2515EB,0x18,1,1,0,1,0,0,3,0,0,0,0,0,0,0,0,0,0,0,
0x277AB2,0x18,1,0,0,0,1,0,0,0,0,0,0,0,0,1,0,0,0,0,
0x277A45,0x11,1,3,0,0,0,0,0,0,0,0,0,0,0,0,0,0,0,0,
0x242888,0x18,1,1,0,0,0,0,0,0,0,0,0,0,1,0,0,0,0,0,
0x243844,0x1a,1,0,0,0,0,1,0,0,0,0,0,0,0,0,0,0,0,0,
0x24387D,0x1b,1,0,0,0,0,1,0,0,0,0,0,0,0,0,0,0,0,0,
0x27788E,0x1a,1,3,0,0,1,0,0,0,0,0,0,1,1,0,0,0,0,0,
0x2778d2,0x1b,1,3,0,0,1,0,0,0,0,0,0,1,1,0,0,0,0,0,
0x277956,0x17,1,3,0,0,0,0,0,0,0,0,0,1,1,0,0,0,0,0,
0x1E9435,0x16,2,1,0,0,0,0,0,0,0,0,0,1,0,0,0,0,0,0