0x39d680,0x1,0,0,0,0,0,0,0,0,0,0,0,0,0,0,0,0,0,0,0,0,0,
0x39d688,0x3,0,0,0,0,0,0,0,0,0,0,0,0,0,0,0,0,0,0,0,0,0,
0x39d690,0x1,0,0,0,0,0,0,0,0,0,0,0,0,0,0,0,0,0,0,0,0,0,
0x39D69D,0x3,0,0,0,0,0,0,0,0,0,0,0,0,0,0,0,0,0,0,0,0,0,
0x39d6a5,0x3,0,0,0,0,0,0,0,0,0,0,0,0,0,0,0,0,0,0,0,0,0,
0x39d6d7,0x3,0,0,0,0,0,0,0,0,0,0,0,0,0,0,0,0,0,0,0,0,0,
0x39d6df,0x3,0,0,0,0,0,0,0,0,0,0,0,0,0,0,0,0,0,0,0,0,0,
0x39d70b,0x3,0,0,0,0,0,0,0,0,0,0,0,0,0,0,0,0,0,0,0,0,0,
0x39d71b,0x1,0,0,0,0,0,0,0,0,0,0,0,0,0,0,0,0,0,0,0,0,0,
0x39d803,0x4,0,1,0,1,0,0,3,0,0,0,0,0,0,0,0,0,0,0,0,0,0,
0x39d8da,0x3,0,0,0,0,0,0,0,0,0,0,0,0,0,0,0,0,0,0,0,0,0,
0x39d977,0x4,0,0,0,0,0,0,0,0,0,0,0,0,0,0,0,0,0,0,0,0,0,
0x39d987,0x4,0,0,0,0,0,0,0,0,0,0,0,0,0,0,0,0,0,0,0,0,0,
0x39daa0,0x3,0,0,0,0,0,0,0,0,0,0,0,0,0,0,0,0,0,0,0,0,0,
0x39dac5,0x3,0,0,0,0,0,0,0,0,0,0,0,0,0,0,0,0,0,0,0,0,0,
0x39dad5,0x4,0,0,0,0,0,0,0,0,0,0,0,0,0,0,0,0,0,0,0,0,0,
0x39dae2,0x3,0,2,0,0,0,0,0,0,0,0,0,0,0,0,0,0,0,0,0,0,0,
0x39daf2,0x3,0,2,0,0,0,0,0,0,0,0,0,0,0,0,0,0,0,0,0,0,0,
0x39dafa,0x3,0,2,0,0,0,0,0,0,0,0,0,0,0,0,0,0,0,0,0,0,0,
0x39db8f,0x3,0,2,0,0,0,0,0,0,0,0,0,0,0,0,0,0,0,0,0,0,0,
0x39dc18,0x3,0,3,0,0,0,0,0,0,0,0,0,0,0,0,0,0,0,0,0,0,0,
0x39dc3d,0x3,0,0,0,0,0,1,0,0,0,0,0,0,0,0,1,0,0,0,0,0,0,
0x39DD30,0x3,0,0,0,1,0,0,0,0,0,0,0,0,0,0,0,0,0,0,0,0,0,
0x39dd40,0x3,0,0,0,1,0,0,0,0,0,0,0,0,0,0,0,0,0,0,0,0,0,
0x39dd7a,0x3,0,0,0,1,0,0,0,0,0,0,0,0,0,0,0,0,0,0,0,0,0,
0x39dd97,0x3,0,0,0,1,0,0,0,0,0,0,0,0,0,0,0,0,0,0,0,0,0,
0x39ddb4,0x3,0,0,0,1,0,0,0,0,0,0,0,0,0,0,0,0,0,0,0,0,0,
0x39dde6,0x3,0,1,0,1,0,0,0,0,0,0,0,0,0,0,0,0,0,0,0,0,0,
0x39de31,0x3,0,1,0,1,0,0,0,0,0,0,0,0,0,0,0,0,0,0,0,0,0,
0x39df14,0x4,0,0,0,1,0,0,3,0,0,0,0,0,0,0,0,0,0,0,0,0,0,
0x39df53,0x4,0,0,0,1,0,0,0,0,0,0,0,0,0,0,0,0,0,0,0,0,0,
0x39df80,0x3,0,0,0,1,1,0,0,0,0,0,0,0,0,1,0,0,0,0,0,0,0,
0x39e01e,0x3,0,0,1,0,0,0,0,0,0,0,0,0,0,0,0,0,0,0,0,0,0,
0x39e588,0x3,0,3,0,0,0,0,0,0,0,0,0,0,0,0,0,0,0,0,0,0,0,
0x39e771,0x3,0,3,0,0,1,0,0,0,0,0,0,0,0,0,0,0,0,0,0,0,0,
0x39e9ad,0x3,0,0,0,0,0,0,0,0,0,0,0,0,0,0,0,0,0,0,0,0,0,
0x39e9bd,0x3,0,0,0,0,0,0,0,0,0,0,0,0,0,0,0,0,0,0,0,0,0,
0x39e9c5,0x3,0,0,0,0,0,0,0,0,0,0,0,0,0,0,0,0,0,0,0,0,0,

0x39e771,0x0,4,3,0,0,1,0,0,1,0,0,0,0,0,0,0,0,0,0,0,0,0,
0x39dae2,0x3,4,0,0,0,0,1,0,0,0,0,0,0,0,0,0,0,0,0,0,0,0,
0x39daf2,0x3,4,0,0,0,0,1,0,0,0,0,0,0,0,0,0,0,0,0,0,0,0,
0x39dafa,0x3,4,0,0,0,0,1,0,0,0,0,0,0,0,0,1,0,0,0,0,0,0