0x3c061C,0xCC,2,0,1,0,0,0,0,0,0,0,0,0,0,0,0,
0x3c061E,0xCD,2,0,1,0,0,0,0,0,0,0,0,0,0,0,0,
0x3c0620,0xCE,2,0,1,0,0,0,0,0,0,0,0,0,0,0,0,
0x3c062a,0xCF,2,1,0,1,0,0,3,0,0,0,0,0,0,0,0,
0x3c062c,0xD0,2,1,0,1,0,0,3,0,0,0,0,0,0,0,0,
0x3c062e,0xD1,2,1,0,1,0,0,3,0,0,0,0,0,0,0,0,
0x3c0638,0xd2,2,1,0,1,0,1,0,0,0,0,0,0,0,0,0,
0x3c063a,0xd3,2,1,0,1,0,1,0,0,0,0,0,0,0,0,0,
0x3c063c,0xd4,2,1,0,1,0,1,0,0,0,0,0,0,0,0,0,
0x3c0646,0xdc,2,2,0,1,0,1,3,1,0,0,0,0,0,0,0,
0x3c0648,0xdd,2,2,0,1,0,1,3,1,0,0,0,0,0,0,0,
0x3c064a,0xde,2,2,0,1,0,1,3,1,0,0,0,0,0,0,0,
0x3c0654,0xdf,2,2,1,1,1,1,3,1,1,0,0,0,1,1,1,
0x3c0656,0xe0,2,2,1,1,1,1,3,1,1,0,0,0,1,1,1,
0x3c0658,0xe1,2,2,1,1,1,1,3,1,1,0,0,0,1,1,1,
0x3c0662,0xe2,2,3,0,1,1,1,0,0,0,1,1,1,1,1,1,
0x3c0664,0xe3,2,3,0,1,1,1,0,0,0,1,1,1,1,1,1,
0x3c0666,0xe4,2,3,0,1,1,1,0,0,0,1,1,1,1,1,1,
0x3c068a,0xd5,2,2,0,1,0,1,3,0,0,0,0,0,0,0,0,
0x3c068c,0xd6,2,2,0,1,0,1,3,0,0,0,0,0,0,0,0,
0x3c068e,0xd7,2,2,0,1,0,1,3,0,0,0,0,0,0,0,0,
0x3c0696,0xd8,2,2,0,1,1,1,3,1,0,0,0,0,0,1,1,
0x3c0698,0xd9,2,2,0,1,1,1,3,1,0,0,0,0,0,1,1,
0x3c06a0,0xda,2,3,0,1,1,1,0,0,0,1,1,1,1,1,1,
0x3c06a2,0xdb,2,3,0,1,1,1,0,0,0,1,1,1,1,1,1,
0x2753EA,0xeb,1,3,0,0,0,0,0,0,0,0,0,1,1,0,0,
0x1E9434,0xf7,2,1,0,0,0,0,0,0,0,0,0,1,1,0,0,
0x2779c8,0xf3,1,0,0,0,0,1,0,0,0,0,0,0,0,0,0